Operação de troca de linha: L1 ⇔ L2
   0.5600  -1.5600   0.3200        0   1.0000        0   1.0000
  -0.0400   0.0400   0.1200   1.0000        0        0   3.0000
  -0.2400   1.2400  -0.2800        0        0   1.0000        0


Operação realizada: L2 ← L2 -(-0.040000)L1
   1.0000  -2.7857   0.5714        0   1.7857        0   1.7857
        0  -0.0714   0.1429   1.0000   0.0714        0   3.0714
  -0.2400   1.2400  -0.2800        0        0   1.0000        0


Operação realizada: L3 ← L3 -(-0.240000)L1
   1.0000  -2.7857   0.5714        0   1.7857        0   1.7857
        0  -0.0714   0.1429   1.0000   0.0714        0   3.0714
        0   0.5714  -0.1429        0   0.4286   1.0000   0.4286


Operação de troca de linha: L2 ⇔ L3
   1.0000  -2.7857   0.5714        0   1.7857        0   1.7857
        0   0.5714  -0.1429        0   0.4286   1.0000   0.4286
        0  -0.0714   0.1429   1.0000   0.0714        0   3.0714


Operação realizada: L3 ← L3 -(-0.071429)L2
   1.0000  -2.7857   0.5714        0   1.7857        0   1.7857
        0   1.0000  -0.2500        0   0.7500   1.7500   0.7500
        0        0   0.1250   1.0000   0.1250   0.1250   3.1250


Operação realizada: L1 ← L1 -(-2.785714)L2
   1.0000        0  -0.1250        0   3.8750   4.8750   3.8750
        0   1.0000  -0.2500        0   0.7500   1.7500   0.7500
        0        0   0.1250   1.0000   0.1250   0.1250   3.1250


Operação realizada: L2 ← L2 -(-0.250000)L3
    1.0000         0   -0.1250         0    3.8750    4.8750    3.8750
         0    1.0000         0    2.0000    1.0000    2.0000    7.0000
         0         0    1.0000    8.0000    1.0000    1.0000   25.0000


Operação realizada: L1 ← L1 -(-0.125000)L3
    1    0    0    1    4    5    7
    0    1    0    2    1    2    7
    0    0    1    8    1    1   25


Matriz aumentada ao final do método
    1    0    0    1    4    5    7
    0    1    0    2    1    2    7
    0    0    1    8    1    1   25


Os valores dos parametros encontrados foram:
x1=7.000000,  x2=7.000000,  x3=25.000000

A matriz inversa de A é:
   1   4   5
   2   1   2
   8   1   1